# Data Set D4.4
# Randomly generated data set from Cheng's Thesis

discount: 0.99999
values: reward
states: 4
actions: 4
observations: 4

T: 0
0.093 0.337 0.226 0.344
0.269 0.306 0.178 0.247
0.255 0.352 0.264 0.129
0.096 0.171 0.354 0.379

T: 1
0.280 0.162 0.029 0.529
0.205 0.251 0.322 0.222
0.284 0.295 0.153 0.268
0.418 0.379 0.181 0.022

T: 2
0.408 0.000 0.355 0.237
0.307 0.245 0.213 0.235
0.072 0.346 0.419 0.163
0.244 0.303 0.208 0.245

T: 3
0.485 0.374 0.086 0.055
0.280 0.030 0.649 0.041
0.047 0.147 0.313 0.493
0.234 0.420 0.046 0.300

O: 0
0.634 0.154 0.124 0.088
0.156 0.612 0.115 0.117
0.073 0.167 0.670 0.090
0.124 0.106 0.156 0.614

O: 1
0.675 0.058 0.153 0.114
0.302 0.549 0.112 0.037
0.202 0.157 0.567 0.074
0.231 0.065 0.110 0.594

O: 2
0.563 0.119 0.236 0.082
0.167 0.584 0.211 0.038
0.155 0.112 0.601 0.132
0.091 0.146 0.091 0.672

O: 3
0.531 0.320 0.002 0.147
0.097 0.603 0.253 0.047
0.089 0.136 0.590 0.185
0.080 0.190 0.166 0.564

R: 0 : 0 : * : * 4.2
R: 0 : 1 : * : * 4.5
R: 0 : 2 : * : * 3.8
R: 0 : 3 : * : * 2.7

R: 1 : 0 : * : * 7.1
R: 1 : 1 : * : * 8.9
R: 1 : 2 : * : * 5.4
R: 1 : 3 : * : * 6.9

R: 2 : 0 : * : * 6.2
R: 2 : 1 : * : * 2.1
R: 2 : 2 : * : * 4.6
R: 2 : 3 : * : * 8.9

R: 3 : 0 : * : * 6.5
R: 3 : 1 : * : * 4.8
R: 3 : 2 : * : * 8.4
R: 3 : 3 : * : * 8.4

