# Data Set D3.2
# Randomly generated data set from Cheng's Thesis

discount: 0.99999
values: reward
states: 3
actions: 3
observations: 3

T: 0
0.256 0.693 0.051
0.002 0.273 0.725
0.578 0.063 0.359

T: 1
0.350 0.239 0.411
0.244 0.237 0.519
0.227 0.323 0.450

T: 2
0.482 0.045 0.473
0.108 0.485 0.407
0.445 0.158 0.397

O: 0
0.712 0.066 0.222
0.089 0.790 0.121
0.014 0.126 0.860

O: 1
0.763 0.041 0.196
0.081 0.566 0.353
0.092 0.031 0.877

O: 2
0.504 0.061 0.435
0.080 0.705 0.215
0.194 0.015 0.791

R: 0 : 0 : * : * 7.1
R: 0 : 1 : * : * 9.3
R: 0 : 2 : * : * 5.3

R: 1 : 0 : * : * 8.3
R: 1 : 1 : * : * 8.6
R: 1 : 2 : * : * 7.8

R: 2 : 0 : * : * 0.9
R: 2 : 1 : * : * 3.9
R: 2 : 2 : * : * 8.8




