# Data Set D3.4
# Randomly generated data set from Cheng's Thesis

discount: 0.99999
values: reward
states: 3
actions: 3
observations: 3

T: 0
0.336 0.436 0.228
0.304 0.272 0.424
0.167 0.578 0.255

T: 1
0.339 0.525 0.136
0.435 0.525 0.040
0.374 0.243 0.383

T: 2
0.143 0.173 0.684
0.020 0.826 0.154
0.601 0.079 0.320

O: 0
0.574 0.227 0.199
0.135 0.745 0.120
0.062 0.294 0.644

O: 1
0.640 0.180 0.180
0.252 0.584 0.164
0.236 0.024 0.740

O: 2
0.916 0.054 0.030
0.101 0.843 0.056
0.095 0.215 0.690

R: 0 : 0 : * : * 3.7
R: 0 : 1 : * : * 3.0
R: 0 : 2 : * : * 6.2

R: 1 : 0 : * : * 5.7
R: 1 : 1 : * : * 0.1
R: 1 : 2 : * : * 1.7

R: 2 : 0 : * : * 7.4
R: 2 : 1 : * : * 0.4
R: 2 : 2 : * : * 7.0




