# Data Set D3.3
# Randomly generated data set from Cheng's Thesis

discount: 0.99999
values: reward
states: 3
actions: 3
observations: 3

T: 0
0.349 0.180 0.471
0.860 0.093 0.047
0.070 0.472 0.458

T: 1
0.295 0.144 0.561
0.272 0.104 0.624
0.443 0.314 0.243

T: 2
0.284 0.672 0.044
0.635 0.300 0.065
0.042 0.545 0.413

O: 0
0.677 0.193 0.130
0.166 0.572 0.262
0.1427 0.2467 0.6106

O: 1
0.660 0.165 0.175
0.130 0.792 0.078
0.205 0.083 0.712

O: 2
0.745 0.143 0.112
0.133 0.712 0.155
0.115 0.260 0.625

R: 0 : 0 : * : * 9.9
R: 0 : 1 : * : * 0.2
R: 0 : 2 : * : * 2.4

R: 1 : 0 : * : * 5.9
R: 1 : 1 : * : * 7.4
R: 1 : 2 : * : * 5.5

R: 2 : 0 : * : * 3.7
R: 2 : 1 : * : * 4.9
R: 2 : 2 : * : * 9.8




