# Data Set D4.2
# Randomly generated data set from Cheng's Thesis

discount: 0.99999
values: reward
states: 4
actions: 4
observations: 4

T: 0
0.252 0.210 0.240 0.298
0.291 0.123 0.149 0.437
0.171 0.075 0.475 0.279
0.294 0.010 0.396 0.300

T: 1
0.375 0.192 0.150 0.283
0.462 0.121 0.077 0.340
0.120 0.640 0.092 0.148
0.222 0.283 0.129 0.366

T: 2
0.255 0.140 0.309 0.296
0.180 0.395 0.032 0.393
0.286 0.229 0.273 0.212
0.157 0.012 0.517 0.314

T: 3
0.316 0.188 0.378 0.118
0.333 0.320 0.228 0.119
0.280 0.346 0.069 0.305
0.149 0.185 0.392 0.274

O: 0
0.700 0.088 0.131 0.081
0.075 0.699 0.149 0.077
0.222 0.016 0.710 0.052
0.088 0.252 0.149 0.511

O: 1
0.644 0.156 0.163 0.037
0.040 0.750 0.088 0.122
0.050 0.204 0.655 0.091
0.020 0.038 0.154 0.788

O: 2
0.713 0.002 0.139 0.146
0.116 0.667 0.020 0.197
0.076 0.159 0.678 0.087
0.176 0.083 0.096 0.645

O: 3
0.728 0.080 0.072 0.120
0.102 0.612 0.208 0.078
0.198 0.123 0.540 0.139
0.037 0.170 0.260 0.533

R: 0 : 0 : * : * 1.1
R: 0 : 1 : * : * 9.2
R: 0 : 2 : * : * 4.2
R: 0 : 3 : * : * 9.9

R: 1 : 0 : * : * 0.8
R: 1 : 1 : * : * 8.1
R: 1 : 2 : * : * 9.5
R: 1 : 3 : * : * 7.1

R: 2 : 0 : * : * 5.5
R: 2 : 1 : * : * 7.3
R: 2 : 2 : * : * 9.3
R: 2 : 3 : * : * 1.3

R: 3 : 0 : * : * 9.7
R: 3 : 1 : * : * 8.0
R: 3 : 2 : * : * 8.4
R: 3 : 3 : * : * 4.0

