# Data Set D4.5
# Randomly generated data set from Cheng's Thesis

discount: 0.99999
values: reward
states: 4
actions: 4
observations: 4

T: 0
0.191 0.159 0.325 0.325
0.230 0.210 0.317 0.243
0.105 0.370 0.101 0.424
0.502 0.231 0.088 0.179

T: 1
0.161 0.148 0.318 0.373
0.280 0.334 0.336 0.050
0.024 0.422 0.422 0.132
0.069 0.151 0.303 0.477

T: 2
0.330 0.200 0.174 0.296
0.423 0.001 0.168 0.408
0.412 0.113 0.019 0.456
0.243 0.034 0.309 0.414

T: 3
0.194 0.305 0.491 0.010
0.208 0.212 0.029 0.551
0.193 0.415 0.181 0.211
0.436 0.492 0.023 0.049

O: 0
0.536 0.140 0.173 0.151
0.193 0.541 0.155 0.111
0.148 0.140 0.608 0.104
0.146 0.023 0.147 0.684

O: 1
0.681 0.011 0.134 0.174
0.180 0.680 0.090 0.050
0.017 0.262 0.504 0.217
0.200 0.030 0.190 0.580

O: 2
0.510 0.169 0.255 0.066
0.122 0.624 0.125 0.129
0.207 0.046 0.732 0.015
0.034 0.176 0.236 0.554

O: 3
0.576 0.287 0.041 0.096
0.120 0.590 0.143 0.147
0.070 0.180 0.510 0.240
0.040 0.254 0.200 0.506

R: 0 : 0 : * : * 9.4
R: 0 : 1 : * : * 2.9
R: 0 : 2 : * : * 7.1
R: 0 : 3 : * : * 7.2

R: 1 : 0 : * : * 0.1
R: 1 : 1 : * : * 5.1
R: 1 : 2 : * : * 0.8
R: 1 : 3 : * : * 8.5

R: 2 : 0 : * : * 6.1
R: 2 : 1 : * : * 7.1
R: 2 : 2 : * : * 5.1
R: 2 : 3 : * : * 8.9

R: 3 : 0 : * : * 0.3
R: 3 : 1 : * : * 7.2
R: 3 : 2 : * : * 10.0
R: 3 : 3 : * : * 9.6

