# Data Set D5.1
# Randomly generated data set from Cheng's Thesis

discount: 0.99999
values: reward
states: 5
actions: 3
observations: 3

T: 0
0.064 0.343 0.303 0.106 0.184
0.340 0.087 0.214 0.069 0.290
0.189 0.200 0.402 0.097 0.112
0.322 0.003 0.053 0.322 0.300
0.137 0.292 0.108 0.100 0.363

T: 1
0.425 0.117 0.261 0.077 0.120
0.108 0.298 0.092 0.320 0.182
0.470 0.033 0.155 0.194 0.148
0.173 0.184 0.284 0.215 0.144
0.154 0.136 0.236 0.128 0.346

T: 2
0.005 0.226 0.292 0.264 0.213
0.239 0.126 0.266 0.220 0.149
0.228 0.016 0.259 0.040 0.457
0.092 0.019 0.518 0.034 0.337
0.324 0.272 0.024 0.047 0.333

O: 0
0.092 0.403 0.505
0.310 0.099 0.591
0.431 0.289 0.280
0.287 0.304 0.409
0.382 0.213 0.405

O: 1
0.081 0.495 0.424
0.736 0.024 0.240
0.521 0.467 0.012
0.360 0.199 0.441
0.040 0.447 0.513

O: 2
0.226 0.403 0.371
0.416 0.144 0.440
0.462 0.319 0.219
0.260 0.103 0.637
0.508 0.078 0.414

R: 0 : 0 : * : * 10.0
R: 0 : 1 : * : * 6.0
R: 0 : 2 : * : * 4.9
R: 0 : 3 : * : * 3.2
R: 0 : 4 : * : * 7.4

R: 1 : 0 : * : * 4.5
R: 1 : 1 : * : * 0.2
R: 1 : 2 : * : * 2.5
R: 1 : 3 : * : * 6.5
R: 1 : 4 : * : * 5.5

R: 2 : 0 : * : * 2.3
R: 2 : 1 : * : * 7.9
R: 2 : 2 : * : * 6.2
R: 2 : 3 : * : * 6.5
R: 2 : 4 : * : * 3.3


