# Data Set D3.1
# Randomly generated data set from Cheng's Thesis

discount: 0.99999
values: reward
states: 3
actions: 3
observations: 3

T: 0
0.573 0.346 0.081
0.416 0.441 0.143
0.103 0.390 0.507

T: 1
0.357 0.345 0.298
0.370 0.460 0.170
0.169 0.192 0.639

T: 2
0.305 0.239 0.456
0.388 0.356 0.256
0.139 0.271 0.590

O: 0
0.646 0.199 0.155
0.106 0.643 0.251
0.120 0.220 0.660

O: 1
0.705 0.116 0.179
0.000 0.840 0.160
0.188 0.135 0.677

O: 2
0.702 0.211 0.087
0.304 0.581 0.115
0.145 0.238 0.617

R: 0 : 0 : * : * 2.5
R: 0 : 1 : * : * 7.4
R: 0 : 2 : * : * 1.3

R: 1 : 0 : * : * 5.8
R: 1 : 1 : * : * 3.6
R: 1 : 2 : * : * 6.6

R: 2 : 0 : * : * 7.2
R: 2 : 1 : * : * 7.0
R: 2 : 2 : * : * 4.9


