# Data Set D4.3
# Randomly generated data set from Cheng's Thesis

discount: 0.99999
values: reward
states: 4
actions: 4
observations: 4

T: 0
0.016 0.086 0.634 0.264
0.184 0.237 0.280 0.299
0.126 0.396 0.298 0.180
0.344 0.342 0.110 0.204

T: 1
0.092 0.313 0.151 0.444
0.133 0.161 0.457 0.249
0.162 0.355 0.165 0.318
0.342 0.178 0.304 0.176

T: 2
0.244 0.335 0.255 0.166
0.319 0.137 0.204 0.340
0.216 0.278 0.140 0.366
0.131 0.490 0.340 0.039

T: 3
0.174 0.230 0.372 0.224
0.297 0.283 0.164 0.256
0.140 0.260 0.316 0.284
0.222 0.341 0.055 0.382

O: 0
0.677 0.239 0.066 0.018
0.030 0.634 0.185 0.151
0.172 0.002 0.671 0.155
0.152 0.079 0.173 0.596

O: 1
0.559 0.138 0.108 0.195
0.071 0.638 0.136 0.155
0.008 0.138 0.687 0.167
0.210 0.081 0.062 0.647

O: 2
0.503 0.085 0.177 0.235
0.123 0.685 0.136 0.056
0.243 0.042 0.626 0.089
0.135 0.129 0.116 0.620

O: 3
0.637 0.052 0.227 0.084
0.121 0.675 0.059 0.145
0.185 0.032 0.675 0.108
0.137 0.142 0.120 0.601

R: 0 : 0 : * : * 5.7
R: 0 : 1 : * : * 8.8
R: 0 : 2 : * : * 8.3
R: 0 : 3 : * : * 3.7

R: 1 : 0 : * : * 4.3
R: 1 : 1 : * : * 3.2
R: 1 : 2 : * : * 0.7
R: 1 : 3 : * : * 5.3

R: 2 : 0 : * : * 5.8
R: 2 : 1 : * : * 8.5
R: 2 : 2 : * : * 7.4
R: 2 : 3 : * : * 8.3

R: 3 : 0 : * : * 7.0
R: 3 : 1 : * : * 0.8
R: 3 : 2 : * : * 1.0
R: 3 : 3 : * : * 5.5

