# Data Set D4.1
# Randomly generated data set from Cheng's Thesis

discount: 0.99999
values: reward
states: 4
actions: 4
observations: 4

T: 0
0.355 0.321 0.100 0.224
0.433 0.181 0.342 0.044
0.254 0.155 0.065 0.526
0.066 0.420 0.172 0.342

T: 1
0.094 0.311 0.262 0.333
0.241 0.173 0.233 0.353
0.351 0.259 0.273 0.117
0.064 0.174 0.454 0.308

T: 2
0.455 0.182 0.135 0.228
0.370 0.280 0.005 0.345
0.220 0.276 0.270 0.234
0.403 0.499 0.071 0.027

T: 3
0.255 0.255 0.230 0.260
0.294 0.108 0.417 0.181
0.025 0.143 0.352 0.480
0.267 0.298 0.194 0.241

O: 0
0.519 0.192 0.154 0.135
0.161 0.551 0.093 0.195
0.112 0.158 0.662 0.068
0.157 0.126 0.055 0.662

O: 1
0.571 0.013 0.162 0.254
0.158 0.547 0.105 0.190
0.089 0.180 0.629 0.102
0.109 0.198 0.149 0.544

O: 2
0.650 0.121 0.126 0.103
0.175 0.538 0.134 0.153
0.064 0.086 0.676 0.174
0.204 0.232 0.010 0.554

O: 3
0.672 0.103 0.134 0.091
0.004 0.694 0.109 0.193
0.159 0.166 0.621 0.054
0.070 0.172 0.123 0.635

R: 0 : 0 : * : * 0.2
R: 0 : 1 : * : * 8.2
R: 0 : 2 : * : * 6.8
R: 0 : 3 : * : * 8.1

R: 1 : 0 : * : * 0.8
R: 1 : 1 : * : * 1.0
R: 1 : 2 : * : * 5.4
R: 1 : 3 : * : * 3.9

R: 2 : 0 : * : * 2.2
R: 2 : 1 : * : * 6.7
R: 2 : 2 : * : * 2.6
R: 2 : 3 : * : * 1.7

R: 3 : 0 : * : * 7.9
R: 3 : 1 : * : * 1.5
R: 3 : 2 : * : * 7.4
R: 3 : 3 : * : * 1.7

